91 3 3002 3003 10002 13002 20002 20003 23002 30002 33002 33011 40002 43002 50002 50003 50011 53003 53011 60003 63003 70002 70003 70006 73002 73011 80011 83004 83011 90004 90011 93004 93006 100004 100011 103004 103006 103011 110004 110006 110011 113011 120004 120011 123003 123004 123006 130002 130003 133003 140003 143003 143004 143006 143011 150003 150004 150006 153004 153006 160004 163004 170004 170006 170011 173006 173011 180004 180006 180008 180011 183011 190011 193003 193004 193011 200003 203003 203004 203006 210004 210011 213011 220011 220098 223011 230004 230006 230011 233002 233003 233004
83 2 3002 10002 13002 13011 20002 23002 30002 33002 40002 43002 43003 50002 50003 50004 53003 60003 63003 70003 70011 73011 80004 80011 83004 83006 83011 90003 90004 90006 90011 93003 100003 103003 110004 110006 110011 113004 113006 113011 120003 120004 120006 120008 120011 123004 123011 130011 133011 140011 143011 150011 153004 153006 153011 160004 160006 160011 163003 163006 163008 170003 173003 180003 180098 183004 183011 183098 190011 193011 200011 203011 210004 210011 213004 220002 220003 220004 223002 230002 230003 230011 233002 233003
86 2 3002 10002 13002 13003 20002 23002 30002 33002 40002 43002 43003 43098 50002 50004 50098 53003 60003 63003 63004 70004 73004 80004 80006 80008 83006 83011 90003 90004 90006 90011 93003 93004 93006 100003 103003 110003 113003 120003 120004 120006 123004 123006 123011 130004 130006 130011 133006 133008 133011 160003 163003 170003 170004 170006 173006 173008 180006 180008 183006 183008 190004 190006 190008 193006 193008 193011 200004 200006 200011 203003 203004 203006 210003 213003 213011 220011 223002 223011 230002 230004 230006 230011 233002 233004 233011
96 2 4 3002 10002 13002 20002 20003 23002 30002 30011 33002 40002 43002 50002 50004 50011 53003 53004 60002 60003 63002 63003 70003 70004 73004 80003 80004 80011 83011 90011 93004 93006 93011 100003 100006 100008 100011 103003 103004 103006 103011 110011 113004 113006 113011 120004 120006 120011 123006 123011 130004 130006 130011 133011 140011 143011 150011 153011 160011 163011 170011 173004 173006 173008 173011 180003 180004 180006 180008 180011 183004 183006 183011 190003 190004 190006 193003 193004 200003 200004 203003 210003 210004 213004 213011 213098 220003 220004 220006 220011 223003 223006 223011 230011 233002 233011
80 2 3002 10002 13002 13003 20002 23002 23003 30002 33002 40002 43002 50004 53003 53004 60002 60003 60011 63011 70011 73011 80011 83011 90011 93011 100004 100011 103004 110002 110003 110004 110006 110011 113002 113004 113006 113008 120003 120004 123003 123004 130003 130004 133003 140003 143003 150003 153003 160003 163003 170003 170004 170006 173006 173011 180003 180004 180006 183006 183008 183011 190004 190011 193004 193006 200003 200004 203002 203003 203011 210011 213002 213003 220003 220004 220006 223011 230002 230011 233002
75 2 3002 10002 13002 20002 20003 23002 23004 30002 33002 40002 43002 50002 53002 53004 53011 60011 63011 70011 73003 73011 80003 83003 83004 83006 83011 90004 90011 93004 100004 100006 100011 103011 110011 113011 120011 123004 123011 130002 130003 133003 140003 143003 150003 153003 160003 163003 170003 173003 173004 180004 183004 183011 183098 190004 190011 193011 200002 200003 200011 203003 203004 210004 210011 213004 213006 213011 220003 220004 223003 230003 230006 230011 233002 233011
81 2 3002 10002 13002 13011 13098 20002 20011 20098 23002 23011 30002 33002 40002 40011 40098 43098 50004 50011 53011 60011 63004 63011 70004 70006 70011 73004 80004 83004 90004 90006 90008 93008 100008 100011 103011 110011 113004 113006 113011 120004 120006 120007 123004 123011 130011 133011 140011 143011 150004 150011 153004 160004 163004 170004 173004 173011 173098 180004 180011 183011 190011 193011 200011 203004 203011 210004 213003 213004 220002 220003 223002 223004 223011 230002 230004 230006 230011 233002 233003 233004
83 3 3002 3003 10002 13002 20002 20004 23002 30002 33002 40002 40003 43002 43011 50004 50011 53003 53004 60003 63003 70003 70004 70011 73011 80004 80006 80011 83003 83004 90003 90011 93011 100011 103004 103006 103011 110004 110006 110011 113004 120004 123004 130004 130006 133004 133006 133011 140011 143011 150011 153011 160004 160006 160011 163011 170011 173011 180002 180011 183002 183003 190003 193003 200003 200004 200011 203011 210011 210098 213004 213011 213098 220003 220004 220006 220011 223002 223003 223004 230002 230003 233002 233003
77 2 3002 10002 13002 20002 20011 23002 30002 33002 40002 43002 50004 50011 53011 60003 60011 63002 63003 70002 70011 73011 80011 83011 90003 90004 90006 90011 93002 93003 100002 100011 103011 110011 113004 113006 113011 120004 123004 123006 130003 130004 130006 133003 140003 143003 150003 153003 160003 160004 160006 163004 170004 170011 173011 180011 183004 183011 190004 190011 193011 200011 203004 203011 210004 210011 213004 213006 213011 220002 220003 220011 223002 223011 230002 230003 233002 233011
81 2 3002 10002 13002 20002 23002 23011 30002 33002 40002 40003 43002 50002 50004 50011 53011 60011 63011 70011 73004 73006 73011 80003 80004 80006 80011 83003 83004 90004 93004 93011 100002 100011 103002 103011 110011 113011 120011 123011 130011 133011 140011 143011 150002 150011 153002 153004 153011 160003 160004 163002 163003 170002 170011 173011 180002 180004 180011 183003 183004 190002 190003 190011 193011 200011 203002 203011 210002 210003 210004 213003 213004 213006 213011 220002 220003 223002 223003 230003 233002 233003
-1
